 0.000000 1171.568970
 1.000561 1171.614624
 2.001122 1171.657349
 2.430840 1171.657349
 3.431401 1171.672607
 4.431962 1171.770020
 5.210166 1171.745728
 6.210727 1171.730469
 7.211288 1171.693848
 7.763941 1171.693848
 8.764502 1171.712158
 9.765063 1171.703003
 10.317775 1171.687866
 11.318336 1171.757935
 12.318897 1171.684814
 13.132313 1171.684814
 14.132874 1171.608521
 15.133435 1171.660400
 15.789209 1171.660400
 16.789770 1171.812744
 17.790331 1171.843262
 18.350986 1171.770020
 19.351547 1171.776123
 20.352108 1171.831055
 20.849606 1171.910278
 21.850167 1172.080933
 22.850728 1172.010864
 23.511191 1172.010864
 24.511752 1171.980469
 25.512313 1171.974365
 26.213949 1172.004761
 27.214511 1172.047485
 28.215072 1172.297485
 28.941375 1172.413208
 29.941936 1172.215088
 30.942497 1172.416260
 31.334287 1172.416260
 32.334848 1172.553467
 33.335409 1172.562622
 34.025061 1172.654053
 35.025622 1172.654053
 36.026183 1172.748535
 36.607622 1172.824707
 37.608183 1172.733276
 38.608744 1172.858154
 39.191194 1172.858154
 40.191755 1172.882568
 41.192316 1172.910034
 41.721619 1172.940552
 42.722180 1172.946655
 43.722741 1172.989258
 44.251499 1172.989258
 45.252060 1172.943604
 46.252621 1173.062378
 46.864510 1173.126465
 47.865071 1173.257568
 48.865632 1173.312378
 49.621443 1173.312378
 50.622004 1173.330688
 51.622565 1173.361206
 52.354656 1173.422119
 53.355217 1173.425171
 54.355778 1173.440430
 55.071183 1173.519653
 56.071744 1173.568359
 57.072305 1173.568359
 58.072866 1173.696411
 58.904855 1173.696411
 59.905416 1173.714722
 60.905977 1173.736084
 61.906538 1173.757324
 62.199990 1173.757324
 63.200551 1173.778687
 64.201112 1173.793945
 64.909029 1173.793945
 65.909590 1173.757324
 66.910151 1173.763428
 67.802148 1173.766479
 68.802709 1173.778687
 69.803270 1173.806152
 70.729172 1173.806152
 71.729733 1173.867065
 72.730294 1174.037842
 73.730855 1174.098755
 74.083774 1174.117065
 75.084335 1174.156616
 76.084896 1174.156616
 76.861036 1174.150513
 77.861597 1174.123169
 78.862158 1174.068237
 79.862719 1174.037842
 80.108874 1174.037842
 81.109435 1174.159668
 82.109996 1174.214600
 82.802904 1174.324341
 83.803465 1174.498047
 84.804026 1174.397461
 85.517172 1174.360840
 86.517733 1174.373047
 87.518294 1174.421875
 88.142469 1174.421875
 89.143030 1174.440063
 90.143591 1174.537720
 90.781014 1174.598633
 91.781575 1174.616943
 92.782136 1174.638306
 93.420682 1174.638306
 94.421243 1174.705322
 95.421804 1174.833252
 96.105003 1174.888184
 97.105564 1174.915649
 98.106125 1174.955322
 98.688693 1174.955322
 99.689254 1175.010132
 100.689815 1174.940063
 101.423026 1174.918701
 102.423587 1174.976562
 103.424148 1175.046631
 104.424709 1175.071045
 104.474575 1175.071045
 105.475136 1175.107666
 106.475697 1175.128906
 107.476258 1175.128906
 107.500676 1175.128906
 108.501237 1175.171631
 109.501798 1175.235718
 110.463186 1175.363647
 111.463747 1175.470337
 112.464308 1175.653198
 113.183479 1175.653198
 114.184040 1175.756836
 115.184601 1175.823853
 115.961401 1176.000732
 116.961962 1176.070801
 117.962523 1175.958008
 118.629494 1176.131714
 119.630055 1176.070801
 120.630616 1176.070801
 121.270470 1176.037231
 122.271031 1176.165283
 123.271592 1176.104370
 123.927920 1176.104370
