 0.000000 1176.348145
 1.000000 1176.342041
 2.000000 1176.342041
 3.000000 1176.421265
 4.000000 1176.360352
 5.000000 1176.329956
 6.000000 1176.351196
 7.000000 1176.345093
 8.000000 1176.338989
 9.000000 1176.287231
 10.000000 1176.302490
 11.000000 1176.299438
 12.000000 1176.317749
 13.000000 1176.326904
 14.000000 1176.250732
 15.000000 1176.201904
 16.000000 1176.241577
 17.000000 1176.198853
 18.000000 1176.159180
 19.000000 1176.177490
 20.000000 1176.137817
 21.000000 1176.101318
 22.000000 1176.137817
 23.000000 1176.137817
 24.000000 1176.128662
 25.000000 1176.052490
 26.000000 1176.000732
 27.000000 1176.031250
 28.000000 1176.031250
 29.000000 1176.043335
 30.000000 1175.927612
 31.000000 1175.836060
 32.000000 1175.741577
 33.000000 1175.686768
 34.000000 1175.659302
 35.000000 1175.671509
 36.000000 1175.604492
 37.000000 1175.580078
 38.000000 1175.613647
 39.000000 1175.635010
 40.000000 1175.613647
 41.000000 1175.601440
 42.000000 1175.644165
 43.000000 1175.735474
 44.000000 1175.735474
 45.000000 1175.772095
 46.000000 1175.695923
 47.000000 1175.747681
 48.000000 1175.778198
 49.000000 1175.778198
 50.000000 1175.845215
 51.000000 1175.872681
 52.000000 1175.878784
 53.000000 1175.851318
 54.000000 1175.814697
 55.000000 1175.836060
 56.000000 1175.869629
 57.000000 1175.845215
 58.000000 1175.836060
 59.000000 1175.863525
 60.000000 1175.836060
 61.000000 1175.817749
 62.000000 1175.890991
 63.000000 1175.808594
 64.000000 1175.808594
 65.000000 1175.796509
 66.000000 1175.884888
 67.000000 1175.936768
 68.000000 1175.967163
 69.000000 1175.927612
 70.000000 1175.906250
 71.000000 1176.015991
 72.000000 1175.976318
 73.000000 1175.985474
 74.000000 1175.939819
 75.000000 1175.973267
 76.000000 1175.839111
 77.000000 1175.820801
 78.000000 1175.820801
 79.000000 1175.775146
 80.000000 1175.762939
 81.000000 1175.735474
 82.000000 1175.720337
 83.000000 1175.726440
 84.000000 1175.695923
 85.000000 1175.790405
 86.000000 1175.756836
 87.000000 1175.729370
 88.000000 1175.775146
 89.000000 1175.817749
 90.000000 1175.848267
 91.000000 1175.897095
 92.000000 1175.881836
 93.000000 1175.869629
 94.000000 1175.845215
 95.000000 1175.820801
 96.000000 1175.826904
 97.000000 1175.820801
 98.000000 1175.958008
 99.000000 1175.820801
 100.000000 1175.872681
 101.000000 1175.927612
 102.000000 1175.964111
 103.000000 1175.884888
 104.000000 1175.887939
 105.000000 1175.912354
 106.000000 1175.912354
 107.000000 1175.897095
 108.000000 1175.829956
 109.000000 1175.869629
 110.000000 1175.817749
 111.000000 1175.866577
 112.000000 1175.884888
 113.000000 1175.878784
 114.000000 1175.909302
 115.000000 1175.854370
 116.000000 1175.793457
 117.000000 1175.735474
 118.000000 1175.711182
 119.000000 1175.680664
 120.000000 1175.598389
 121.000000 1175.552612
 122.000000 1175.461182
 123.000000 1175.397217
 124.000000 1175.391113
 125.000000 1175.290527
 126.000000 1175.147217
 127.000000 1175.180786
 128.000000 1175.052734
 129.000000 1174.949219
 130.000000 1174.924805
 131.000000 1174.909546
 132.000000 1174.906494
 133.000000 1175.022339
 134.000000 1175.141113
 135.000000 1175.202148
 136.000000 1175.223511
 137.000000 1175.327148
 138.000000 1175.391113
 139.000000 1175.458130
 140.000000 1175.598389
 141.000000 1175.586182
 142.000000 1175.607544
 143.000000 1175.638062
 144.000000 1175.738525
 145.000000 1175.738525
 146.000000 1175.750732
 147.000000 1175.638062
 148.000000 1175.638062
 149.000000 1175.567871
 150.000000 1175.641113
 151.000000 1175.601440
 152.000000 1175.552612
 153.000000 1175.592285
 154.000000 1175.531372
 155.000000 1175.680664
 156.000000 1175.729370
 157.000000 1175.808594
 158.000000 1175.833008
 159.000000 1175.848267
 160.000000 1175.909302
 161.000000 1175.860474
 162.000000 1175.756836
 163.000000 1175.616699
 164.000000 1175.549561
 165.000000 1175.473389
 166.000000 1175.418579
 167.000000 1175.366699
 168.000000 1175.269287
 169.000000 1175.269287
 170.000000 1175.061890
 171.000000 1174.869873
 172.000000 1174.830200
 173.000000 1174.750977
 174.000000 1174.656616
 175.000000 1174.546875
 176.000000 1174.485840
 177.000000 1174.418823
 178.000000 1174.366943
 179.000000 1174.369995
 180.000000 1174.266479
 181.000000 1174.254272
 182.000000 1174.162720
 183.000000 1174.071289
 184.000000 1174.086548
 185.000000 1174.199341
 186.000000 1174.266479
 187.000000 1174.306030
 188.000000 1174.366943
 189.000000 1174.388306
 190.000000 1174.345703
 191.000000 1174.339600
 192.000000 1174.315186
 193.000000 1174.278687
 194.000000 1174.263428
 195.000000 1174.275635
 196.000000 1174.287720
 197.000000 1174.306030
 198.000000 1174.382202
 199.000000 1174.431030
 200.000000 1174.549805
 201.000000 1174.574219
 202.000000 1174.577271
 203.000000 1174.595581
 204.000000 1174.662598
 205.000000 1174.702271
 206.000000 1174.815063
 207.000000 1174.808960
 208.000000 1174.717529
 209.000000 1174.821045
 210.000000 1174.821045
 211.000000 1174.888184
 212.000000 1174.888184
 213.000000 1174.802856
 214.000000 1174.717529
 215.000000 1174.629150
 216.000000 1174.586426
 217.000000 1174.455322
 218.000000 1174.315186
 219.000000 1174.147461
 220.000000 1173.952515
 221.000000 1173.711670
 222.000000 1173.416016
 223.000000 1173.364258
 224.000000 1173.376343
 225.000000 1173.541016
 226.000000 1173.571411
 227.000000 1173.541016
 228.000000 1173.458618
 229.000000 1173.507446
 230.000000 1173.345947
 231.000000 1173.345947
 232.000000 1173.288086
 233.000000 1173.275879
 234.000000 1172.974121
 235.000000 1172.922241
 236.000000 1172.891724
 237.000000 1172.824707
 238.000000 1173.105103
 239.000000 1173.452515
 240.000000 1173.742188
 241.000000 1173.867065
 242.000000 1174.004272
 243.000000 1174.080444
 244.000000 1174.171875
 245.000000 1174.187134
 246.000000 1174.150513
 247.000000 1174.156616
 248.000000 1174.117065
 249.000000 1174.043945
 250.000000 1174.016479
 251.000000 1173.998169
 252.000000 1174.013428
 253.000000 1173.995117
 254.000000 1174.001221
 255.000000 1174.022583
 256.000000 1174.043945
 257.000000 1174.037842
 258.000000 1173.940308
 259.000000 1173.940308
 260.000000 1173.845703
 261.000000 1173.690308
 262.000000 1173.498291
 263.000000 1173.452515
 264.000000 1173.510498
 265.000000 1173.839600
 266.000000 1174.022583
 267.000000 1174.330444
 268.000000 1174.647461
 269.000000 1174.796753
 270.000000 1174.961426
 271.000000 1175.244873
 272.000000 1175.491699
 273.000000 1175.491699
 274.000000 1175.662354
 275.000000 1176.116455
 276.000000 1176.381714
 277.000000 1176.610352
 278.000000 1177.070557
 279.000000 1177.646606
 280.000000 1177.945312
 281.000000 1178.649414
 282.000000 1178.649414
 283.000000 1178.844482
 284.000000 1179.188965
 285.000000 1179.469360
 286.000000 1179.731445
 287.000000 1179.990601
 288.000000 1180.362427
 289.000000 1180.786011
 290.000000 1180.999390
 291.000000 1181.453613
 292.000000 1181.734009
 293.000000 1182.057007
 294.000000 1182.209473
 295.000000 1182.444214
 296.000000 1182.681885
 297.000000 1182.919678
 298.000000 1183.678589
 299.000000 1183.977295
 300.000000 1184.242554
 301.000000 1184.931396
 302.000000 1185.227051
 303.000000 1185.531860
 304.000000 1185.796997
 305.000000 1186.049927
 306.000000 1186.281616
 307.000000 1186.845581
 308.000000 1187.119873
 309.000000 1187.400146
 310.000000 1187.607544
 311.000000 1188.320679
 312.000000 1188.966919
 313.000000 1189.314331
 314.000000 1190.012329
 315.000000 1190.012329
 316.000000 1189.838623
 317.000000 1189.820435
 318.000000 1190.268433
 319.000000 1190.676758
 320.000000 1191.185913
 321.000000 1191.895996
 322.000000 1192.167358
 323.000000 1192.603149
 324.000000 1193.139648
 325.000000 1193.395630
 326.000000 1193.349854
 327.000000 1193.892456
 328.000000 1194.157715
 329.000000 1194.374023
 330.000000 1194.889160
 331.000000 1195.096436
 332.000000 1195.349365
 333.000000 1195.596313
 334.000000 1196.413208
 335.000000 1196.413208
 336.000000 1196.599121
 337.000000 1197.010620
 338.000000 1197.223877
 339.000000 1197.376343
 340.000000 1197.964600
 341.000000 1198.110962
 342.000000 1198.241943
 343.000000 1198.726562
 344.000000 1198.909424
 345.000000 1199.074097
 346.000000 1199.470337
 347.000000 1199.854370
 348.000000 1199.717163
 349.000000 1199.805664
 350.000000 1200.665161
 351.000000 1200.826660
 352.000000 1201.021729
 353.000000 1201.579468
 354.000000 1201.734985
 355.000000 1201.890381
 356.000000 1201.890381
 357.000000 1202.384277
 358.000000 1202.582275
 359.000000 1202.652466
 360.000000 1203.070068
 361.000000 1203.234619
 362.000000 1203.368774
 363.000000 1203.624756
 364.000000 1203.615601
 365.000000 1203.652222
 366.000000 1204.017944
 367.000000 1204.033203
 368.000000 1204.118530
 369.000000 1204.170288
 370.000000 1204.444702
 371.000000 1204.286133
 372.000000 1204.334961
 373.000000 1204.609253
 374.000000 1204.615356
 375.000000 1204.645874
 376.000000 1204.837769
 377.000000 1204.837769
 378.000000 1204.837769
 379.000000 1204.871338
 380.000000 1205.084717
 381.000000 1205.130493
 382.000000 1205.139648
 383.000000 1205.279785
 384.000000 1205.206665
 385.000000 1205.209717
 386.000000 1205.295044
 387.000000 1205.246216
 388.000000 1205.173096
 389.000000 1205.188354
 390.000000 1204.956665
 391.000000 1204.813477
 392.000000 1204.764648
 393.000000 1204.609253
 394.000000 1204.557373
 395.000000 1204.493408
 396.000000 1204.420288
 397.000000 1204.301392
 398.000000 1204.301392
 399.000000 1204.203857
 400.000000 1204.048462
 401.000000 1203.950806
 402.000000 1203.838135
 403.000000 1203.761963
 404.000000 1203.655273
 405.000000 1203.521118
 406.000000 1203.441895
 407.000000 1203.350464
 408.000000 1203.225464
 409.000000 1203.115723
 410.000000 1203.021240
 411.000000 1202.902344
 412.000000 1202.719482
 413.000000 1202.551758
 414.000000 1202.493896
 415.000000 1202.384277
 416.000000 1202.155640
 417.000000 1202.042847
 418.000000 1201.951416
 419.000000 1201.957397
 420.000000 1201.887329
 421.000000 1201.762451
 422.000000 1201.671021
 423.000000 1201.576416
 424.000000 1201.332642
 425.000000 1201.289917
 426.000000 1201.088867
 427.000000 1200.896729
 428.000000 1200.759644
 429.000000 1200.726074
 430.000000 1200.585815
 431.000000 1200.412231
 432.000000 1200.351196
 433.000000 1200.226196
 434.000000 1200.122559
 435.000000 1199.842163
 436.000000 1199.595215
 437.000000 1199.476440
 438.000000 1199.336182
 439.000000 1199.235596
 440.000000 1199.235596
 441.000000 1199.043579
 442.000000 1198.970459
 443.000000 1198.754028
 444.000000 1198.574219
 445.000000 1198.528442
 446.000000 1198.229736
 447.000000 1198.056030
 448.000000 1197.742065
 449.000000 1197.610962
 450.000000 1197.495239
 451.000000 1197.327515
 452.000000 1197.229980
 453.000000 1197.068481
 454.000000 1196.919067
 455.000000 1196.797241
 456.000000 1196.605225
 457.000000 1196.205933
 458.000000 1195.846191
 459.000000 1195.696899
 460.000000 1195.495728
 461.000000 1195.556641
 462.000000 1195.443970
 463.000000 1195.443970
 464.000000 1195.419556
 465.000000 1195.379883
 466.000000 1195.382935
 467.000000 1195.401245
 468.000000 1195.398193
 469.000000 1195.105591
 470.000000 1194.831299
 471.000000 1194.645264
 472.000000 1194.517334
 473.000000 1194.386230
 474.000000 1194.258179
 475.000000 1194.191162
 476.000000 1194.069214
 477.000000 1193.922974
 478.000000 1193.843750
 479.000000 1193.666870
 480.000000 1193.602905
 481.000000 1193.642456
 482.000000 1193.560181
 483.000000 1193.423096
 484.000000 1193.349854
 485.000000 1193.252441
 486.000000 1193.096924
 487.000000 1193.072510
 488.000000 1193.090820
 489.000000 1193.008545
 490.000000 1192.929321
 491.000000 1192.886597
 492.000000 1192.795166
 493.000000 1192.743408
 494.000000 1192.828735
 495.000000 1192.722046
 496.000000 1192.405029
 497.000000 1192.179565
 498.000000 1192.469116
 499.000000 1192.664062
