369342.45446581,4945536.79632199,2
369341.50223565,4945537.10170326,2
369340.55000549,4945537.40708454,2
369339.59777533,4945537.71246582,2
369338.64554517,4945538.0178471,2
369337.69331502,4945538.32322838,2
369336.74108486,4945538.62860966,2
369335.7888547,4945538.93399094,2
369334.83662454,4945539.23937222,2
369333.88439438,4945539.54475349,2
369332.93216422,4945539.85013477,2
369331.97993407,4945540.15551605,2
369331.02770391,4945540.46089733,2
369330.07547375,4945540.76627861,2
369329.12324359,4945541.07165989,2
369328.17101343,4945541.37704117,2
369327.21878327,4945541.68242245,2
369326.26655312,4945541.98780373,2
369325.31432296,4945542.293185,2
369324.3620928,4945542.59856628,2
369323.40986264,4945542.90394756,2
369322.45763248,4945543.20932884,2
369321.50540232,4945543.51471012,2
369320.55317217,4945543.8200914,2
369319.60094201,4945544.12547268,2
369318.64871185,4945544.43085396,2
369317.69648169,4945544.73623523,2
369316.74425153,4945545.04161651,2
369315.79202137,4945545.34699779,2
369314.83979122,4945545.65237907,2
369313.88756106,4945545.95776035,2
369312.9353309,4945546.26314163,2
369311.98310074,4945546.56852291,2
369311.03087058,4945546.87390419,2
369310.07864042,4945547.17928547,2
369309.12641026,4945547.48466674,2
369308.17418011,4945547.79004802,2
369307.22194995,4945548.0954293,2
369306.26971979,4945548.40081058,2
369305.31748963,4945548.70619186,2
369304.36525947,4945549.01157314,2
369303.41302931,4945549.31695442,2
369302.46079916,4945549.6223357,2
369301.508569,4945549.92771698,2
369300.55633884,4945550.23309825,2
369299.60410868,4945550.53847953,2
369298.65187852,4945550.84386081,2
369297.69964836,4945551.14924209,2
369296.74741821,4945551.45462337,2
369295.79518805,4945551.76000465,2
369294.84295789,4945552.06538593,2
369293.89072773,4945552.37076721,2
369292.93849757,4945552.67614848,2
369291.98626741,4945552.98152976,2
369291.03403726,4945553.28691104,2
369290.0818071,4945553.59229232,2
369289.12957694,4945553.8976736,2
369288.17734678,4945554.20305488,2
369287.22511662,4945554.50843616,2
369286.27288646,4945554.81381744,2
369285.32065631,4945555.11919871,2
369284.36842615,4945555.42457999,2
369283.41619599,4945555.72996127,2
369282.46396583,4945556.03534255,2
369281.51173567,4945556.34072383,2
369280.55950551,4945556.64610511,2
369279.60727535,4945556.95148639,2
369278.6550452,4945557.25686767,2
369277.70281504,4945557.56224895,2
369276.75058488,4945557.86763022,2
369275.79835472,4945558.1730115,2
369274.84612456,4945558.47839278,2
369273.8938944,4945558.78377406,2
369272.94166425,4945559.08915534,2
369271.98943409,4945559.39453662,2
369271.03720393,4945559.6999179,2
369270.08497377,4945560.00529918,2
369269.13274361,4945560.31068045,2
369268.18051345,4945560.61606173,2
369267.2282833,4945560.92144301,2
369266.27605314,4945561.22682429,2
369265.32382298,4945561.53220557,2
369264.37159282,4945561.83758685,2
369263.41936266,4945562.14296813,2
369262.4671325,4945562.44834941,2
369261.51490235,4945562.75373069,2
369260.56267219,4945563.05911196,2
369259.61044203,4945563.36449324,2
369258.65821187,4945563.66987452,2
369257.70598171,4945563.9752558,2
369256.75375155,4945564.28063708,2
369255.8015214,4945564.58601836,2
369254.84929124,4945564.89139964,2
369253.89706108,4945565.19678092,2
369252.94483092,4945565.50216219,2
369251.99260076,4945565.80754347,2
369251.0403706,4945566.11292475,2
369250.08814044,4945566.41830603,2
369249.13591029,4945566.72368731,2
369248.18368013,4945567.02906859,2
369247.23144997,4945567.33444987,2
369246.27921981,4945567.63983115,2
369245.32698965,4945567.94521243,2
369244.37475949,4945568.2505937,2
369243.42252934,4945568.55597498,2
369242.47029918,4945568.86135626,2
369241.51806902,4945569.16673754,2
369240.56583886,4945569.47211882,2
369239.6136087,4945569.7775001,2
369238.66137854,4945570.08288138,2
369237.70914839,4945570.38826266,2
369236.75691823,4945570.69364394,2
369235.80468807,4945570.99902521,2
369234.85245791,4945571.30440649,2
369233.90022775,4945571.60978777,2
369232.94799759,4945571.91516905,2
369231.99576744,4945572.22055033,2
369231.04353728,4945572.52593161,2
369230.09130712,4945572.83131289,2
369229.13907696,4945573.13669416,2
369228.1868468,4945573.44207544,2
369227.23461664,4945573.74745672,2
369226.28238649,4945574.052838,2
369225.33015633,4945574.35821928,2
369224.37792617,4945574.66360056,2
369223.42569601,4945574.96898184,2
369222.47346585,4945575.27436312,2
369221.52123569,4945575.5797444,2
369220.56900553,4945575.88512568,2
369219.61677538,4945576.19050695,2
369218.66454522,4945576.49588823,2
369217.71231506,4945576.80126951,2
369216.7600849,4945577.10665079,2
369215.80785474,4945577.41203207,2
369214.85562458,4945577.71741335,2
369213.90339443,4945578.02279463,2
369212.95116427,4945578.32817591,2
369211.99893411,4945578.63355718,2
369211.04670395,4945578.93893846,2
369210.09447379,4945579.24431974,2
369209.14224363,4945579.54970102,2
369208.19001348,4945579.8550823,2
369207.23778332,4945580.16046358,2
369206.28555316,4945580.46584486,2
369205.333323,4945580.77122614,2
369204.38109284,4945581.07660741,2
369203.42886268,4945581.38198869,2
369202.47663253,4945581.68736997,2
369201.52440237,4945581.99275125,2
369200.57217221,4945582.29813253,2
369199.61994205,4945582.60351381,2
369198.66771189,4945582.90889509,2
369197.71548173,4945583.21427637,2
369196.76325158,4945583.51965765,2
369195.81102142,4945583.82503892,2
369194.85879126,4945584.1304202,2
369193.9065611,4945584.43580148,2
369192.95433094,4945584.74118276,2
369192.00210078,4945585.04656404,2
369191.04987062,4945585.35194532,2
369190.09764047,4945585.6573266,2
369189.14541031,4945585.96270788,2
369188.19318015,4945586.26808915,2
369187.24094999,4945586.57347043,2
369186.28871983,4945586.87885171,2
369185.33648967,4945587.18423299,2
369184.38425952,4945587.48961427,2
369183.43202936,4945587.79499555,2
369182.4797992,4945588.10037683,2
369181.52756904,4945588.40575811,2
369180.57533888,4945588.71113939,2
369179.62310872,4945589.01652066,2
369178.67087857,4945589.32190194,2
369177.71864841,4945589.62728322,2
369176.76641825,4945589.9326645,2
369175.81418809,4945590.23804578,2
369174.86195793,4945590.54342706,2
369173.90972777,4945590.84880834,2
369172.95749762,4945591.15418962,2
369172.00526746,4945591.45957089,2
369171.0530373,4945591.76495217,2
369170.10080714,4945592.07033345,2
369169.14857698,4945592.37571473,2
369168.19634682,4945592.68109601,2
369167.24411667,4945592.98647729,2
369166.29188651,4945593.29185857,2
369165.33965635,4945593.59723985,2
369164.38742619,4945593.90262113,2
369163.43519603,4945594.2080024,2
369162.48296587,4945594.51338368,2
369161.53073571,4945594.81876496,2
369160.57850556,4945595.12414624,2
369159.6262754,4945595.42952752,2
369158.67404524,4945595.7349088,2
369157.72181508,4945596.04029008,2
369156.76958492,4945596.34567136,2
369155.81735476,4945596.65105264,2
369154.86512461,4945596.95643391,2
369153.91289445,4945597.26181519,2
369152.96066429,4945597.56719647,2
369152.00843413,4945597.87257775,2
369151.05620397,4945598.17795903,2
369150.10397381,4945598.48334031,2
369149.15174366,4945598.78872159,2
369148.1995135,4945599.09410287,2
369147.24728334,4945599.39948414,2
369146.29505318,4945599.70486542,2
369145.34282302,4945600.0102467,2
369144.39059286,4945600.31562798,2
369143.43836271,4945600.62100926,2
369142.48613255,4945600.92639054,2
369141.53390239,4945601.23177182,2
369140.58167223,4945601.5371531,2
369139.62944207,4945601.84253437,2
369138.67721191,4945602.14791565,2
369137.72498176,4945602.45329693,2
369136.7727516,4945602.75867821,2
369135.82052144,4945603.06405949,2
369134.86829128,4945603.36944077,2
369133.91606112,4945603.67482205,2
369132.96383096,4945603.98020333,2
369132.0116008,4945604.28558461,2
369131.05937065,4945604.59096588,2
369130.10714049,4945604.89634716,2
369129.15491033,4945605.20172844,2
369128.20268017,4945605.50710972,2
369127.25045001,4945605.812491,2
369126.29821985,4945606.11787228,2
369125.3459897,4945606.42325356,2
369124.39375954,4945606.72863484,2
369123.44152938,4945607.03401611,2
369122.48929922,4945607.33939739,2
369121.53706906,4945607.64477867,2
369120.5848389,4945607.95015995,2
369119.63260875,4945608.25554123,2
369118.68037859,4945608.56092251,2
369117.72814843,4945608.86630379,2
369116.77591827,4945609.17168507,2
369115.82368811,4945609.47706635,2
369114.87145795,4945609.78244762,2
369113.9192278,4945610.0878289,2
369112.96699764,4945610.39321018,2
369112.01476748,4945610.69859146,2
369111.06253732,4945611.00397274,2
369110.11030716,4945611.30935402,2
369109.158077,4945611.6147353,2
369108.20584685,4945611.92011658,2
369107.25361669,4945612.22549785,2
369106.30138653,4945612.53087913,2
369105.34915637,4945612.83626041,2
369104.39692621,4945613.14164169,2
369103.44469605,4945613.44702297,2
369102.49246589,4945613.75240425,2
369101.54023574,4945614.05778553,2
369100.58800558,4945614.36316681,2
369099.63577542,4945614.66854809,2
369098.68354526,4945614.97392936,2
369097.7313151,4945615.27931064,2
369096.77908494,4945615.58469192,2
369095.82685479,4945615.8900732,2
369094.87462463,4945616.19545448,2
369093.92239447,4945616.50083576,2
369092.97016431,4945616.80621704,2
369092.01793415,4945617.11159832,2
369091.06570399,4945617.4169796,2
369090.11347384,4945617.72236087,2
369089.16124368,4945618.02774215,2
369088.20901352,4945618.33312343,2
369087.25678336,4945618.63850471,2
369086.3045532,4945618.94388599,2
369085.35232304,4945619.24926727,2
369084.40009289,4945619.55464855,2
369083.44786273,4945619.86002983,2
369082.49563257,4945620.1654111,2
369081.54340241,4945620.47079238,2
369080.59117225,4945620.77617366,2
369079.63894209,4945621.08155494,2
369078.68671194,4945621.38693622,2
369077.73448178,4945621.6923175,2
369076.78225162,4945621.99769878,2
369075.83002146,4945622.30308006,2
369074.8777913,4945622.60846134,2
369073.92556114,4945622.91384261,2
369072.97333098,4945623.21922389,2
369072.02110083,4945623.52460517,2
369071.06887067,4945623.82998645,2
369070.11664051,4945624.13536773,2
369069.16441035,4945624.44074901,2
369068.21218019,4945624.74613029,2
369067.25995003,4945625.05151157,2
369066.30771988,4945625.35689284,2
369065.35548972,4945625.66227412,2
369064.40325956,4945625.9676554,2
369063.4510294,4945626.27303668,2
369062.49879924,4945626.57841796,2
369061.54656908,4945626.88379924,2
369060.59433893,4945627.18918052,2
369059.64210877,4945627.4945618,2
369058.68987861,4945627.79994307,2
369057.73764845,4945628.10532435,2
369056.78541829,4945628.41070563,2
369055.83318813,4945628.71608691,2
369054.88095798,4945629.02146819,2
369053.92872782,4945629.32684947,2
369052.97649766,4945629.63223075,2
369052.0242675,4945629.93761203,2
369051.07203734,4945630.24299331,2
369050.11980718,4945630.54837458,2
369049.16757703,4945630.85375586,2
369048.21534687,4945631.15913714,2
369047.26311671,4945631.46451842,2
369046.31088655,4945631.7698997,2
369045.35865639,4945632.07528098,2
369044.40642623,4945632.38066226,2
369043.45419607,4945632.68604354,2
369042.50196592,4945632.99142481,2
369041.54973576,4945633.29680609,2
369040.5975056,4945633.60218737,2
369039.64527544,4945633.90756865,2
369038.69304528,4945634.21294993,2
369037.74081512,4945634.51833121,2
369036.78858497,4945634.82371249,2
369035.83635481,4945635.12909377,2
369034.88412465,4945635.43447505,2
369033.93189449,4945635.73985632,2
369032.97966433,4945636.0452376,2
369032.02743417,4945636.35061888,2
369031.07520402,4945636.65600016,2
369030.12297386,4945636.96138144,2
369029.1707437,4945637.26676272,2
369028.21851354,4945637.572144,2
369027.26628338,4945637.87752528,2
369026.31405322,4945638.18290656,2
369025.36182307,4945638.48828783,2
369024.40959291,4945638.79366911,2
369023.45736275,4945639.09905039,2
369022.50513259,4945639.40443167,2
369021.55290243,4945639.70981295,2
369020.60067227,4945640.01519423,2
369019.64844211,4945640.32057551,2
369018.69621196,4945640.62595679,2
369017.7439818,4945640.93133806,2
369016.79175164,4945641.23671934,2
369015.83952148,4945641.54210062,2
369014.88729132,4945641.8474819,2
369013.93506116,4945642.15286318,2
369012.98283101,4945642.45824446,2
369012.03060085,4945642.76362574,2
369011.07837069,4945643.06900702,2
369010.12614053,4945643.3743883,2
369009.17391037,4945643.67976957,2
369008.22168021,4945643.98515085,2
369007.26945006,4945644.29053213,2
369006.3172199,4945644.59591341,2
369005.36498974,4945644.90129469,2
369004.41275958,4945645.20667597,2
369003.46052942,4945645.51205725,2
369002.50829926,4945645.81743853,2
369001.55606911,4945646.1228198,2
369000.60383895,4945646.42820108,2
368999.65160879,4945646.73358236,2
368998.69937863,4945647.03896364,2
368997.74714847,4945647.34434492,2
368996.79491831,4945647.6497262,2
368995.84268816,4945647.95510748,2
368994.890458,4945648.26048876,2
368993.93822784,4945648.56587003,2
368992.98599768,4945648.87125131,2
368992.03376752,4945649.17663259,2
368991.08153736,4945649.48201387,2
368990.1293072,4945649.78739515,2
368989.17707705,4945650.09277643,2
368988.22484689,4945650.39815771,2
368987.27261673,4945650.70353899,2
368986.32038657,4945651.00892027,2
368985.36815641,4945651.31430154,2
368984.41592625,4945651.61968282,2
368983.4636961,4945651.9250641,2
368982.51146594,4945652.23044538,2
368981.55923578,4945652.53582666,2
368980.60700562,4945652.84120794,2
368979.65477546,4945653.14658922,2
368978.7025453,4945653.4519705,2
368977.75031515,4945653.75735177,2
368976.79808499,4945654.06273305,2
368975.84585483,4945654.36811433,2
368974.89362467,4945654.67349561,2
368973.94139451,4945654.97887689,2
368972.98916435,4945655.28425817,2
368972.0369342,4945655.58963945,2
368971.08470404,4945655.89502073,2
368970.13247388,4945656.20040201,2
368969.18024372,4945656.50578328,2
368968.22801356,4945656.81116456,2
368967.2757834,4945657.11654584,2
368966.32355325,4945657.42192712,2
368965.37132309,4945657.7273084,2
368964.41909293,4945658.03268968,2
368963.46686277,4945658.33807096,2
368962.51463261,4945658.64345224,2
368961.56240245,4945658.94883351,2
368960.61017229,4945659.25421479,2
368959.65794214,4945659.55959607,2
368958.70571198,4945659.86497735,2
368957.75348182,4945660.17035863,2
368956.80125166,4945660.47573991,2
368955.8490215,4945660.78112119,2
368954.89679134,4945661.08650247,2
368953.94456119,4945661.39188375,2
368952.99233103,4945661.69726502,2
368952.04010087,4945662.0026463,2
368951.08787071,4945662.30802758,2
368950.13564055,4945662.61340886,2
368949.18341039,4945662.91879014,2
368948.23118024,4945663.22417142,2
368947.27895008,4945663.5295527,2
368946.32671992,4945663.83493398,2
368945.37448976,4945664.14031526,2
368944.4222596,4945664.44569653,2
368943.47002944,4945664.75107781,2
368942.51779929,4945665.05645909,2
368941.56556913,4945665.36184037,2
368940.61333897,4945665.66722165,2
368939.66110881,4945665.97260293,2
368938.70887865,4945666.27798421,2
368937.75664849,4945666.58336549,2
368936.80441834,4945666.88874676,2
368935.85218818,4945667.19412804,2
368934.89995802,4945667.49950932,2
368933.94772786,4945667.8048906,2
368932.9954977,4945668.11027188,2
368932.04326754,4945668.41565316,2
368931.09103738,4945668.72103444,2
368930.13880723,4945669.02641572,2
368929.18657707,4945669.331797,2
368928.23434691,4945669.63717827,2
368927.28211675,4945669.94255955,2
368926.32988659,4945670.24794083,2
368925.37765643,4945670.55332211,2
368924.42542628,4945670.85870339,2
368923.47319612,4945671.16408467,2
368922.52096596,4945671.46946595,2
368921.5687358,4945671.77484723,2
368920.61650564,4945672.0802285,2
368919.66427548,4945672.38560978,2
368918.71204533,4945672.69099106,2
368917.75981517,4945672.99637234,2
368916.80758501,4945673.30175362,2
368915.85535485,4945673.6071349,2
368914.90312469,4945673.91251618,2
368913.95089453,4945674.21789746,2
368912.99866438,4945674.52327873,2
368912.04643422,4945674.82866001,2
368911.09420406,4945675.13404129,2
368910.1419739,4945675.43942257,2
368909.18974374,4945675.74480385,2
368908.23751358,4945676.05018513,2
368907.28528343,4945676.35556641,2
368906.33305327,4945676.66094769,2
368905.38082311,4945676.96632897,2
368904.42859295,4945677.27171024,2
368903.47636279,4945677.57709152,2
368902.52413263,4945677.8824728,2
368901.57190247,4945678.18785408,2
368900.61967232,4945678.49323536,2
368899.66744216,4945678.79861664,2
368898.715212,4945679.10399792,2
368897.76298184,4945679.4093792,2
368896.81075168,4945679.71476047,2
368895.85852152,4945680.02014175,2
368894.90629137,4945680.32552303,2
368893.95406121,4945680.63090431,2
368893.00183105,4945680.93628559,2
368892.04960089,4945681.24166687,2
368891.09737073,4945681.54704815,2
368890.14514057,4945681.85242943,2
368889.19291042,4945682.15781071,2
368888.24068026,4945682.46319198,2
368887.2884501,4945682.76857326,2
368886.33621994,4945683.07395454,2
368885.38398978,4945683.37933582,2
368884.43175962,4945683.6847171,2
368883.47952947,4945683.99009838,2
368882.52729931,4945684.29547966,2
368881.57506915,4945684.60086094,2
368880.62283899,4945684.90624222,2
368879.67060883,4945685.21162349,2
368878.71837867,4945685.51700477,2
368877.76614852,4945685.82238605,2
368876.81391836,4945686.12776733,2
368875.8616882,4945686.43314861,2
368874.90945804,4945686.73852989,2
368873.95722788,4945687.04391117,2
368873.00499772,4945687.34929245,2
368872.05276756,4945687.65467372,2
368871.10053741,4945687.960055,2
368870.14830725,4945688.26543628,2
368869.19607709,4945688.57081756,2
368868.24384693,4945688.87619884,2
368867.29161677,4945689.18158012,2
368866.33938661,4945689.4869614,2
