 0.000000 1193.697388
 0.998004 1193.892456
 1.996008 1194.041870
 2.994012 1194.188110
 3.992016 1194.297852
 4.990020 1194.407593
 5.988024 1194.523438
 6.986028 1194.523438
 7.984032 1194.724609
 8.982036 1194.828247
 9.980040 1195.075073
 10.978044 1195.270142
 11.976048 1195.358521
 12.974052 1195.547485
 13.972056 1195.706055
 14.970060 1195.849243
 15.968064 1195.922363
 16.966068 1196.044312
 17.964072 1196.071777
 18.962076 1196.254639
 19.960080 1196.376587
 20.958084 1196.653931
 21.956088 1196.830811
 22.954092 1196.931274
 23.952096 1197.086792
 24.950100 1197.184326
 25.948104 1197.394653
 26.946108 1197.534790
 27.944112 1197.714722
 28.942116 1197.894531
 29.940120 1198.034668
 30.938124 1198.177979
 31.936128 1198.482788
 32.934132 1198.668701
 33.932136 1198.784546
 34.930140 1198.946045
 35.928144 1199.089355
 36.926148 1199.235596
 37.924152 1199.503784
 38.922156 1199.671509
 39.920160 1199.671509
 40.918164 1199.839111
 41.916168 1200.000610
 42.914172 1200.281006
 43.912176 1200.400024
 44.910180 1200.485352
 45.908184 1200.613281
 46.906188 1200.723022
 47.904192 1200.838867
 48.902196 1200.948608
 49.900200 1201.036987
 50.898204 1201.107056
 51.896208 1201.171143
 52.894212 1201.259399
 53.892216 1201.411865
 54.890220 1201.472900
 55.888224 1201.573364
 56.886228 1201.619141
 57.884232 1201.655762
 58.882236 1201.649658
 59.880240 1201.664917
 60.878244 1201.789795
 61.876248 1201.817261
 62.874252 1201.829468
 63.872255 1201.826416
 64.870259 1201.811157
 65.868263 1201.805054
 66.866267 1201.795898
 67.864271 1201.311279
 68.862275 1201.201538
 69.860279 1201.131470
 70.858283 1201.058350
 71.856287 1200.649902
 72.854291 1200.649902
 73.852295 1200.491455
 74.850299 1200.366455
 75.848303 1199.875732
 76.846307 1199.662354
 77.844311 1199.509888
 78.842315 1199.348389
 79.840319 1198.891235
 80.838323 1198.735718
 81.836327 1198.598511
 82.834331 1198.491943
 83.832335 1198.705322
 84.830339 1198.199341
 85.828343 1198.086548
 86.826347 1197.815308
 87.824351 1197.650635
 88.822355 1197.236084
 89.820359 1197.150757
 90.818363 1197.034912
 91.816367 1196.912964
 92.814371 1196.650879
 93.812375 1196.443726
 94.810379 1196.288208
 95.808383 1196.172363
 96.806387 1195.678589
 97.804391 1195.514038
 98.802395 1195.459229
 99.800399 1195.401245
 100.798403 1195.318848
 101.796407 1194.907471
 102.794411 1194.794678
 103.792415 1194.657471
 104.790419 1195.056763
 105.788423 1194.602661
 106.786427 1194.511230
 107.784431 1194.380127
 108.782435 1194.072266
 109.780439 1193.228027
 110.778443 1193.093872
 111.776447 1192.941528
 112.774451 1192.871460
 113.772455 1192.514771
 114.770459 1192.441650
 115.768463 1192.249634
 116.766467 1192.112427
 117.764471 1192.008789
 118.762475 1191.566895
 119.760479 1191.274170
 120.758483 1191.057861
 121.756487 1190.972412
 122.754491 1190.375000
 123.752495 1190.271484
 124.750499 1190.030640
 125.748503 1189.856934
 126.746507 1189.704468
 127.744511 1189.567383
 128.742515 1189.637451
 129.740519 1189.725830
 130.738523 1189.808228
 131.736527 1189.667969
 132.734531 1189.497314
 133.732535 1189.381348
 134.730539 1189.235107
 135.728543 1188.646851
 136.726547 1188.421265
 137.724551 1188.357300
 138.722555 1188.357300
 139.720559 1188.009766
 140.718563 1187.884888
 141.716567 1187.470337
 142.714571 1187.330078
 143.712575 1186.879028
 144.710579 1186.744873
 145.708583 1186.537720
 146.706587 1186.379150
 147.704591 1185.915894
 148.702595 1185.949341
 149.700599 1185.632446
 150.698603 1185.464722
 151.696607 1185.330566
 152.694611 1184.723999
 153.692615 1184.474121
 154.690619 1184.178467
 155.688623 1183.940796
 156.686627 1183.303711
 157.684631 1183.087280
 158.682635 1182.870972
 159.680639 1182.657593
 160.678643 1182.215576
 161.676647 1182.060059
 162.674651 1181.645630
 163.672655 1181.395630
 164.670659 1180.978149
 165.668663 1180.837891
 166.666667 1180.658081
 167.664671 1180.499512
 168.662675 1180.307495
 169.660679 1179.969238
 170.658683 1179.969238
 171.656687 1179.987549
 172.654691 1179.816772
 173.652695 1179.484619
 174.650699 1179.097412
 175.648703 1178.844482
 176.646707 1178.628052
 177.644711 1178.079468
 178.642715 1177.927124
 179.640719 1177.927124
 180.638723 1177.765503
 181.636727 1177.134521
 182.634731 1176.973022
 183.632735 1176.777954
 184.630739 1176.579834
 185.628743 1175.988525
 186.626747 1175.787354
 187.624750 1175.583130
 188.622754 1175.400269
 189.620758 1175.211304
 190.618762 1174.793701
 191.616766 1174.543823
 192.614770 1174.421875
 193.612774 1174.174927
 194.610778 1173.946411
 195.608782 1173.510498
 196.606786 1173.373291
 197.604790 1173.205688
 198.602794 1172.937500
 199.600798 1172.934448
 200.598802 1173.065430
 201.596806 1173.230103
 202.594810 1173.205688
 203.592814 1173.205688
 204.590818 1173.217896
 205.588822 1173.269775
 206.586826 1173.309326
 207.584830 1173.443359
 208.582834 1173.443359
 209.580838 1173.495239
 210.578842 1173.507446
 211.576846 1173.489136
 212.574850 1173.464722
 213.572854 1173.479980
 214.570858 1173.534912
 215.568862 1173.525757
 216.566866 1173.568359
 217.564870 1173.586670
 218.562874 1173.577515
 219.560878 1173.525757
 220.558882 1173.479980
 221.556886 1173.565308
 222.554890 1173.571411
 223.552894 1173.522705
 224.550898 1173.388550
 225.548902 1173.367188
 226.546906 1173.370239
 227.544910 1173.364258
 228.542914 1172.998413
 229.540918 1172.772827
 230.538922 1172.711914
 231.536926 1172.657104
 232.534930 1172.507690
 233.532934 1172.501587
 234.530938 1172.474121
 235.528942 1172.501587
 236.526946 1172.501587
 237.524950 1172.647949
 238.522954 1172.858154
 239.520958 1173.068481
 240.518962 1173.098999
 241.516966 1173.050293
 242.514970 1172.995361
 243.512974 1172.952759
 244.510978 1172.946655
 245.508982 1172.876465
 246.506986 1172.870361
 247.504990 1172.885620
 248.502994 1173.047241
 249.500998 1173.391602
 250.499002 1173.644653
 251.497006 1173.659912
 252.495010 1173.641602
 253.493014 1173.629395
 254.491018 1173.598877
 255.489022 1173.537964
 256.487026 1173.464722
 257.485030 1173.419067
 258.483034 1173.449463
 259.481038 1173.416016
 260.479042 1173.419067
 261.477046 1173.571411
 262.475050 1173.577515
 263.473054 1173.653809
 264.471058 1173.736084
 265.469062 1173.708618
 266.467066 1173.644653
 267.465070 1173.620239
 268.463074 1173.656860
 269.461078 1173.656860
 270.459082 1173.693359
 271.457086 1173.800049
 272.455090 1173.864014
 273.453094 1173.891479
 274.451098 1173.921997
 275.449102 1173.900635
 276.447106 1173.818359
 277.445110 1173.787842
 278.443114 1173.717773
 279.441118 1173.650757
 280.439122 1173.696411
 281.437126 1173.644653
 282.435130 1173.754272
 283.433134 1173.818359
 284.431138 1173.891479
 285.429142 1173.897583
 286.427146 1173.964722
 287.425150 1173.934204
 288.423154 1174.010376
 289.421158 1174.059082
 290.419162 1174.174927
 291.417166 1174.196289
 292.415170 1174.235962
 293.413174 1174.385254
 294.411178 1174.583374
 295.409182 1174.659668
 296.407186 1174.693115
 297.405190 1174.747925
 298.403194 1174.842407
 299.401198 1174.882080
 300.399202 1174.875977
 301.397206 1174.952271
 302.395210 1174.952271
 303.393214 1174.958374
 304.391218 1174.924805
 305.389222 1174.994873
 306.387226 1175.385010
 307.385230 1175.467285
 308.383234 1175.506958
 309.381238 1175.464233
 310.379242 1175.421631
 311.377246 1175.391113
 312.375250 1175.348389
 313.373253 1175.266235
 314.371257 1175.116821
 315.369261 1175.064941
 316.367265 1175.128906
 317.365269 1175.180786
 318.363273 1175.177734
 319.361277 1175.266235
 320.359281 1175.305786
 321.357285 1175.412476
 322.355289 1175.445923
 323.353293 1175.473389
 324.351297 1175.494751
 325.349301 1175.357544
 326.347305 1175.266235
 327.345309 1175.125854
 328.343313 1175.113770
 329.341317 1175.101562
 330.339321 1175.034546
 331.337325 1174.964478
 332.335329 1174.885132
 333.333333 1174.808960
 334.331337 1174.610840
 335.329341 1174.589478
 336.327345 1174.568115
 337.325349 1174.589478
 338.323353 1174.534668
 339.321357 1174.687012
 340.319361 1174.757080
 341.317365 1174.824097
 342.315369 1174.955322
 343.313373 1175.055786
 344.311377 1175.177734
 345.309381 1175.229614
 346.307385 1175.287476
 347.305389 1175.296631
 348.303393 1175.321045
 349.301397 1175.366699
 350.299401 1175.415527
 351.297405 1175.406372
 352.295409 1175.397217
 353.293413 1175.403320
 354.291417 1175.436768
 355.289421 1175.482544
 356.287425 1175.564819
 357.285429 1175.598389
 358.283433 1175.573975
 359.281437 1175.586182
 360.279441 1175.659302
 361.277445 1175.692871
 362.275449 1175.723389
 363.273453 1175.753784
 364.271457 1175.747681
 365.269461 1175.793457
 366.267465 1175.829956
 367.265469 1175.829956
 368.263473 1175.826904
 369.261477 1175.814697
 370.259481 1175.796509
 371.257485 1175.756836
 372.255489 1175.695923
 373.253493 1175.698975
 374.251497 1175.653198
 375.249501 1175.686768
 376.247505 1175.653198
 377.245509 1175.662354
 378.243513 1175.662354
 379.241517 1175.653198
 380.239521 1175.671509
 381.237525 1175.583130
 382.235529 1175.595337
 383.233533 1175.589233
 384.231537 1175.604492
 385.229541 1175.573975
 386.227545 1175.589233
 387.225549 1175.616699
 388.223553 1175.607544
 389.221557 1175.610596
 390.219561 1175.607544
 391.217565 1175.638062
 392.215569 1175.610596
 393.213573 1175.601440
 394.211577 1175.656250
 395.209581 1175.680664
 396.207585 1175.705078
 397.205589 1175.598389
 398.203593 1175.622803
 399.201597 1175.610596
 400.199601 1175.610596
 401.197605 1175.607544
 402.195609 1175.628906
 403.193613 1175.668457
 404.191617 1175.695923
 405.189621 1175.732422
 406.187625 1175.698975
 407.185629 1175.714233
 408.183633 1175.720337
 409.181637 1175.714233
 410.179641 1175.668457
 411.177645 1175.720337
 412.175649 1175.762939
 413.173653 1175.826904
 414.171657 1175.833008
 415.169661 1175.863525
 416.167665 1175.723389
 417.165669 1175.756836
 418.163673 1175.811646
 419.161677 1175.805542
 420.159681 1175.805542
 421.157685 1175.759888
 422.155689 1175.708130
 423.153693 1175.720337
 424.151697 1175.695923
 425.149701 1175.671509
 426.147705 1175.659302
 427.145709 1175.619751
 428.143713 1175.644165
 429.141717 1175.610596
 430.139721 1175.604492
 431.137725 1175.580078
 432.135729 1175.610596
 433.133733 1175.610596
 434.131737 1175.610596
 435.129741 1175.653198
 436.127745 1175.653198
 437.125749 1175.692871
 438.123752 1175.820801
 439.121756 1175.912354
 440.119760 1175.945923
 441.117764 1175.967163
 442.115768 1175.994629
 443.113772 1176.028198
 444.111776 1176.003784
 445.109780 1176.083008
 446.107784 1176.098267
 447.105788 1176.101318
 448.103792 1176.143921
 449.101796 1176.140869
 450.099800 1176.159180
 451.097804 1176.198853
 452.095808 1176.241577
 453.093812 1176.201904
 454.091816 1176.250732
 455.089820 1176.326904
 456.087824 1176.317749
 457.085828 1176.299438
 458.083832 1176.302490
 459.081836 1176.287231
 460.079840 1176.311646
 461.077844 1176.345093
 462.075848 1176.351196
 463.073852 1176.384766
 464.071856 1176.439575
 465.069860 1176.360352
 466.067864 1176.421265
 467.065868 1176.436523
 468.063872 1176.433472
 469.061876 1176.494507
 470.059880 1176.406128
 471.057884 1176.494507
 472.055888 1176.525024
 473.053892 1176.598145
 474.051896 1176.549316
 475.049900 1176.485352
 476.047904 1176.497559
 477.045908 1176.512817
 478.043912 1176.488403
 479.041916 1176.500610
 480.039920 1176.549316
 481.037924 1176.546265
 482.035928 1176.546265
 483.033932 1176.546265
 484.031936 1176.549316
 485.029940 1176.555420
 486.027944 1176.570679
 487.025948 1176.546265
 488.023952 1176.558472
 489.021956 1176.604248
 490.019960 1176.637817
 491.017964 1176.625610
 492.015968 1176.723022
 493.013972 1176.695679
 494.011976 1176.689575
 495.009980 1176.649902
 496.007984 1176.643799
 497.005988 1176.610352
 498.003992 1176.610352
 499.001996 1176.579834
