 0.000000 1170.986816
 1.000561 1171.075195
 1.412803 1171.075195
 2.413364 1171.227539
 2.831798 1171.227539
 3.832359 1171.178711
 4.250738 1171.178711
 5.251299 1171.294678
 5.680046 1171.294678
 6.680607 1171.245850
 7.101310 1171.245850
 8.101871 1171.126953
 8.523105 1171.126953
 9.523666 1171.069092
 9.958354 1171.069092
 10.958915 1171.126953
 11.410940 1171.206177
 12.411501 1171.206177
 12.958174 1171.206177
 13.958735 1171.532349
 14.382603 1171.532349
 15.383165 1171.413452
 15.806958 1171.413452
 16.807519 1171.510986
 17.231313 1171.541504
 18.231874 1171.532349
 18.669614 1171.532349
 19.670175 1171.584106
 20.099828 1171.584106
 21.100389 1171.550659
 21.610812 1171.550659
 22.611373 1171.568970
 23.007752 1171.568970
 24.008313 1171.645142
 24.400489 1171.660400
 25.401050 1171.678711
 25.807301 1171.678711
 26.807862 1171.684814
 27.223452 1171.684814
 28.224013 1171.684814
 28.614984 1171.669556
 29.615545 1171.632935
 30.019143 1171.632935
 31.019704 1171.599365
 31.456657 1171.562866
 32.457218 1171.584106
 32.874887 1171.584106
 33.875449 1171.703003
 34.296464 1171.703003
 35.297025 1171.721313
 35.739846 1171.873657
 36.740407 1171.943848
 37.180273 1171.943848
 38.180834 1171.803589
 38.597325 1172.111450
 39.597886 1171.757935
 40.013622 1171.770020
 41.014183 1171.806641
 41.418579 1171.812744
 42.419140 1171.837158
 42.832273 1171.837158
 43.832834 1171.828003
 44.231586 1171.904175
 45.232147 1171.962158
 45.633943 1171.962158
 46.634504 1172.007812
 46.958532 1172.007812
 47.959093 1172.163208
 48.384962 1172.135864
 49.385523 1172.111450
 49.794186 1172.111450
 50.794747 1172.117554
 51.099058 1172.321777
 52.099619 1172.333984
 52.507362 1172.340088
 53.507923 1172.397949
 53.923688 1172.397949
 54.924249 1172.443726
 55.308470 1172.443726
 56.309031 1172.422363
 56.721873 1172.309570
 57.722434 1172.276123
 58.142880 1172.276123
 59.143441 1172.340088
 59.584788 1172.565674
 60.585349 1172.562622
 61.013022 1172.562622
 62.013583 1172.629639
 62.429323 1172.629639
 63.429884 1172.663208
 63.831200 1172.821655
 64.831761 1172.852051
 65.233491 1172.852051
 66.234052 1172.897827
 66.642114 1173.022827
 67.642675 1172.739380
 68.051398 1172.739380
 69.051959 1172.876465
 69.458115 1172.876465
 70.458677 1172.998413
 70.864592 1173.175171
 71.865153 1173.001465
 72.288293 1173.001465
 73.288854 1173.117310
 73.748551 1173.117310
 74.749112 1172.751587
 75.241454 1172.964966
 76.242015 1173.297119
 76.648691 1173.297119
 77.649252 1173.394653
 78.054366 1173.342896
 79.054927 1173.342896
 79.446903 1173.111206
 80.447464 1173.169067
 80.858675 1173.169067
 81.859236 1173.455566
 82.262150 1173.580566
 83.262711 1173.595825
 83.655296 1173.595825
 84.655857 1173.598877
 85.057011 1173.315430
 86.057572 1173.397705
 86.441326 1173.452515
 87.441887 1173.452515
 87.868350 1173.422119
 88.868911 1173.336792
 89.225845 1173.336792
 90.226406 1173.440430
 90.719459 1173.202637
 91.720020 1173.361206
 92.254437 1173.583618
 93.254998 1173.717773
 93.905504 1173.717773
 94.906065 1173.626343
 95.297202 1173.626343
 96.297763 1173.666016
 96.661126 1173.666016
 97.661687 1173.479980
 98.033534 1173.479980
 99.034095 1173.483032
 99.451090 1173.483032
 100.451651 1173.562256
 100.872436 1173.519653
 101.872997 1173.620239
 102.282630 1173.854858
 103.283191 1173.854858
 103.687323 1174.083496
 104.687884 1174.083496
 105.089715 1174.056030
 106.090276 1174.056030
 106.521609 1174.050049
 107.522170 1174.050049
 107.967833 1173.970825
 108.968394 1173.970825
 109.475234 1173.946411
 110.475795 1174.031738
 110.905461 1174.031738
 111.906022 1174.050049
 112.147668 1174.050049
 113.148229 1174.107910
 113.369190 1174.107910
 114.369751 1174.110962
 114.566004 1174.110962
 115.566565 1174.226807
 115.868106 1174.232910
 116.868667 1174.245117
 117.241483 1174.245117
 118.242044 1174.680908
 118.614570 1174.680908
 119.615131 1174.729736
 120.090678 1174.790649
 121.091239 1174.836304
 121.499587 1174.836304
 122.500148 1174.696167
 122.821333 1174.659668
 123.821894 1174.601685
 124.051044 1174.836304
 125.051605 1175.022339
 125.402667 1175.022339
 126.403229 1175.022339
 126.914376 1175.022339
 127.914937 1174.970459
 128.701385 1174.937012
 129.701946 1174.982666
 129.978009 1175.055786
 130.978570 1175.095459
 131.308485 1175.095459
 132.309046 1175.135010
 132.679518 1175.135010
 133.680079 1175.141113
 134.004944 1175.067993
 134.571490 1175.067993
 135.572051 1175.067993
 135.642862 1175.067993
 136.643423 1175.391113
 136.864756 1175.391113
 137.865317 1175.302734
 138.098883 1175.260132
 139.099444 1175.208252
 139.162939 1175.208252
